<?xml version="1.0"?>
<opencv_storage>
<classifications type_id="opencv-matrix">
  <rows>131</rows>
  <cols>1</cols>
  <dt>i</dt>
  <data>
    90 89 88 87 86 85 84 83 82 81 80 79 78 77 76 75 72 70 69 68 67 66 65
    51 48 67 83 67 49 50 57 56 54 51 50 48 55 53 52 51 67 66 52 65 82 80
    68 66 90 88 87 85 83 81 79 78 77 75 72 71 69 67 65 57 56 54 52 48 56
    81 55 54 53 72 87 82 81 80 79 78 77 68 66 65 57 56 54 48 82 81 80 79
    78 68 66 65 57 56 54 48 88 85 82 80 78 77 75 72 68 66 65 81 79 71 56
    48 82 80 66 65 87 81 48 78 77 68 57 56 52 54 48</data></classifications>
</opencv_storage>
